# This file contains the results converted from an IDL sav file for the star with unknown ID: 
-1 
# Spectrum parameters. Observation duration (days) / Cadence (seconds) 
 -1    -1 
# Input mode parameters. degree / freq / H / W / splitting a1 / eta / a3 / b  / alfa  / beta asym /inclination 
0   1391.62917   1.11740   0.26850   0.4600   0.0000000000    0.00000    0    0   0.00000    58.175
0   1494.98697   1.82462   0.31533   0.4600   0.0000000000    0.00000    0    0   0.00000    58.175
0   1598.65899   1.44104   0.75956   0.4600   0.0000000000    0.00000    0    0   0.00000    58.175
0   1700.89058   2.17818   0.96066   0.4600   0.0000000000    0.00000    0    0   0.00000    58.175
0   1802.28949   3.78304   0.93168   0.4600   0.0000000000    0.00000    0    0   0.00000    58.175
0   1904.58551   5.67270   0.87509   0.4600   0.0000000000    0.00000    0    0   0.00000    58.175
0   2007.55442   7.65962   0.96463   0.4600   0.0000000000    0.00000    0    0   0.00000    58.175
0   2110.93592   12.50525   0.83507   0.4600   0.0000000000    0.00000    0    0   0.00000    58.175
0   2214.21018   10.45185   1.02475   0.4600   0.0000000000    0.00000    0    0   0.00000    58.175
0   2317.33199   6.36888   1.20489   0.4600   0.0000000000    0.00000    0    0   0.00000    58.175
0   2420.92615   2.80901   1.81916   0.4600   0.0000000000    0.00000    0    0   0.00000    58.175
0   2525.18818   1.23916   2.60490   0.4600   0.0000000000    0.00000    0    0   0.00000    58.175
0   2629.41124   0.50783   3.89962   0.4600   0.0000000000    0.00000    0    0   0.00000    58.175
0   2734.00654   0.26064   5.11377   0.4600   0.0000000000    0.00000    0    0   0.00000    58.175
1   1437.76965   1.55447   0.26850   0.4600   0.0000000000    0.00000    0    0   0.00000    58.175
1   1541.92781   2.53305   0.31533   0.4600   0.0000000000    0.00000    0    0   0.00000    58.175
1   1645.02007   2.00104   0.75956   0.4600   0.0000000000    0.00000    0    0   0.00000    58.175
1   1747.16728   3.01993   0.96066   0.4600   0.0000000000    0.00000    0    0   0.00000    58.175
1   1849.00231   5.25421   0.93168   0.4600   0.0000000000    0.00000    0    0   0.00000    58.175
1   1951.97744   7.87657   0.87509   0.4600   0.0000000000    0.00000    0    0   0.00000    58.175
1   2055.52119   10.64417   0.96463   0.4600   0.0000000000    0.00000    0    0   0.00000    58.175
1   2159.13750   17.36990   0.83507   0.4600   0.0000000000    0.00000    0    0   0.00000    58.175
1   2262.57157   14.51221   1.02475   0.4600   0.0000000000    0.00000    0    0   0.00000    58.175
1   2366.28220   8.83625   1.20489   0.4600   0.0000000000    0.00000    0    0   0.00000    58.175
1   2470.33494   3.89932   1.81916   0.4600   0.0000000000    0.00000    0    0   0.00000    58.175
1   2574.69723   1.72031   2.60490   0.4600   0.0000000000    0.00000    0    0   0.00000    58.175
1   2679.67601   0.70515   3.89962   0.4600   0.0000000000    0.00000    0    0   0.00000    58.175
1   2784.42610   0.36219   5.11377   0.4600   0.0000000000    0.00000    0    0   0.00000    58.175
2   1384.26703   0.71558   0.26850   0.4600   0.0000000000    0.00000    0    0   0.00000    58.175
2   1487.48867   1.16619   0.31533   0.4600   0.0000000000    0.00000    0    0   0.00000    58.175
2   1591.34435   0.92167   0.75956   0.4600   0.0000000000    0.00000    0    0   0.00000    58.175
2   1694.03635   1.39191   0.96066   0.4600   0.0000000000    0.00000    0    0   0.00000    58.175
2   1795.71246   2.42110   0.93168   0.4600   0.0000000000    0.00000    0    0   0.00000    58.175
2   1898.30376   3.62748   0.87509   0.4600   0.0000000000    0.00000    0    0   0.00000    58.175
2   2001.69391   4.89631   0.96463   0.4600   0.0000000000    0.00000    0    0   0.00000    58.175
2   2105.31920   7.98101   0.83507   0.4600   0.0000000000    0.00000    0    0   0.00000    58.175
2   2208.91814   6.68114   1.02475   0.4600   0.0000000000    0.00000    0    0   0.00000    58.175
2   2312.53185   4.06914   1.20489   0.4600   0.0000000000    0.00000    0    0   0.00000    58.175
2   2416.21455   1.79398   1.81916   0.4600   0.0000000000    0.00000    0    0   0.00000    58.175
2   2520.53662   0.79145   2.60490   0.4600   0.0000000000    0.00000    0    0   0.00000    58.175
2   2624.40586   0.32454   3.89962   0.4600   0.0000000000    0.00000    0    0   0.00000    58.175
2   2729.61318   0.16668   5.11377   0.4600   0.0000000000    0.00000    0    0   0.00000    58.175
3   1427.44580   0.09032   0.26850   0.4600   0.0000000000    0.00000    0    0   0.00000    58.175
3   1530.34899   0.14734   0.31533   0.4600   0.0000000000    0.00000    0    0   0.00000    58.175
3   1632.59738   0.11641   0.75956   0.4600   0.0000000000    0.00000    0    0   0.00000    58.175
3   1735.49943   0.17580   0.96066   0.4600   0.0000000000    0.00000    0    0   0.00000    58.175
3   1838.42350   0.30536   0.93168   0.4600   0.0000000000    0.00000    0    0   0.00000    58.175
3   1941.60645   0.45811   0.87509   0.4600   0.0000000000    0.00000    0    0   0.00000    58.175
3   2045.80496   0.61920   0.96463   0.4600   0.0000000000    0.00000    0    0   0.00000    58.175
3   2149.91448   1.00981   0.83507   0.4600   0.0000000000    0.00000    0    0   0.00000    58.175
3   2253.57221   0.84437   1.02475   0.4600   0.0000000000    0.00000    0    0   0.00000    58.175
3   2357.48682   0.51441   1.20489   0.4600   0.0000000000    0.00000    0    0   0.00000    58.175
3   2461.82262   0.22659   1.81916   0.4600   0.0000000000    0.00000    0    0   0.00000    58.175
3   2566.53772   0.09991   2.60490   0.4600   0.0000000000    0.00000    0    0   0.00000    58.175
3   2670.15963   0.04100   3.89962   0.4600   0.0000000000    0.00000    0    0   0.00000    58.175
3   2774.16196   0.02104   5.11377   0.4600   0.0000000000    0.00000    0    0   0.00000    58.175
# Input noise parameters. H0, tau_0, p0 / H1, tau_1, p1 / N0. Set at -1 if not used. 
-1.00000   -1.00000   -1.00000
3.26588   1.54067   2.22477
0.06881