# This template is part of a serie of MS templates created using the full Kepler data upon those criteria:
# (1) High HNR, (2) No missing quarters, (3) Coverage of the whole Teff and numax range of MS stars, (3) Balance between F and G type
# Variant of theses templates exist also for RGB stars
# KIC         Kp      numax.   Type      Gamma_at_numax.            Teff
# 6508366    8.97     958      Flike      5.22                      6331  
# 9139163    8.33     1730     Flike      5.28                      6400. 
# 6603624    9.09     2384     Simple     0.56                      5674. 
# 9139151    9.18     2690     Simple     1.99                      6302. 
# 8379927    6.96     2795     Simple     2.43                      6067.   
# 8006161    7.36     3575     Simple     1.17                      5488. 
# This file contains the results converted from an IDL sav file for the star with unknown ID: 
-1 
# Spectrum parameters. Observation duration (days) / Cadence (seconds) 
 -1    -1 
# Input mode parameters. degree / freq / H / W / splitting a1 / eta / a3 / b  / alfa  / beta asym /inclination 
0    574.211213           0.956106           2.331931       0              0              0.       -6.7884935       85.692332
0    623.707598           1.304467           3.136829       0              0              0.       -6.7884935       85.692332
0    672.116690           1.660000           3.965965       0              0              0.       -6.7884935       85.692332
0    723.126931           2.549866           3.106037       0              0              0.       -6.7884935       85.692332
0    775.434589           2.594849           3.732892       0              0              0.       -6.7884935       85.692332
0    827.370343           3.431094           3.576065       0              0              0.       -6.7884935       85.692332
0    878.288164           3.580425           4.374449       0              0              0.       -6.7884935       85.692332
0    929.729778           3.967231           4.926549       0              0              0.       -6.7884935       85.692332
0    980.017032           3.303785           5.336770       0              0              0.       -6.7884935       85.692332
0   1030.741093           3.644398           4.656605       0              0              0.       -6.7884935       85.692332
0   1083.550904           2.646549           4.684982       0              0              0.       -6.7884935       85.692332
0   1136.079425           1.840297           5.607985       0              0              0.       -6.7884935       85.692332
0   1189.281388           1.473601           5.698278       0              0              0.       -6.7884935       85.692332
0   1241.864266           0.888522           7.416039       0              0              0.       -6.7884935       85.692332
0   1293.541001           0.679662           6.257754       0              0              0.       -6.7884935       85.692332
0   1346.927289           0.289377           9.366288       0              0              0.       -6.7884935       85.692332
0   1401.538352           0.202276          12.039031       0              0              0.       -6.7884935       85.692332
1    545.586683           1.406167           1.831449       2.2546976      0              0.       -6.7884935       85.692332
1    596.197152           1.918756           2.687027       2.2546976      0              0.       -6.7884935       85.692332
1    645.891316           2.444420           3.587141       2.2546976      0              0.       -6.7884935       85.692332
1    694.425432           3.753619           3.609813       2.2546976      0              0.       -6.7884935       85.692332
1    745.320928           3.816761           3.382239       2.2546976      0              0.       -6.7884935       85.692332
1    797.104232           5.053807           3.684613       2.2546976      0              0.       -6.7884935       85.692332
1    849.344204           5.276149           3.933797       2.2546976      0              0.       -6.7884935       85.692332
1    900.657619           5.842021           4.628400       2.2546976      0              0.       -6.7884935       85.692332
1    951.747228           4.864561           5.111761       2.2546976      0              0.       -6.7884935       85.692332
1   1002.910344           5.357788           5.032774       2.2546976      0              0.       -6.7884935       85.692332
1   1054.609802           3.897716           4.677585       2.2546976      0              0.       -6.7884935       85.692332
1   1107.290736           2.703538           5.103746       2.2546976      0              0.       -6.7884935       85.692332
1   1159.993992           2.164628           5.660251       2.2546976      0              0.       -6.7884935       85.692332
1   1213.294032           1.307363           6.521712       2.2546976      0              0.       -6.7884935       85.692332
1   1266.060265           0.998746           6.916267       2.2546976      0              0.       -6.7884935       85.692332
1   1319.037062           0.425742           7.773213       2.2546976      0              0.       -6.7884935       85.692332
1   1370.914134           0.298121          10.569111       2.2546976      0              0.       -6.7884935       85.692332
2    568.368222           0.843220           2.232350       2.2546976      0              0.       -6.7884935       85.692332
2    619.575450           1.148525           3.071725       2.2546976      0              0.       -6.7884935       85.692332
2    669.902645           1.459834           3.929592       2.2546976      0              0.       -6.7884935       85.692332
2    719.850002           2.242063           3.167777       2.2546976      0              0.       -6.7884935       85.692332
2    771.514308           2.285047           3.686175       2.2546976      0              0.       -6.7884935       85.692332
2    824.129228           3.017225           3.586359       2.2546976      0              0.       -6.7884935       85.692332
2    874.658866           3.157416           4.318554       2.2546976      0              0.       -6.7884935       85.692332
2    924.777117           3.487772           4.875008       2.2546976      0              0.       -6.7884935       85.692332
2    976.552646           2.908101           5.308319       2.2546976      0              0.       -6.7884935       85.692332
2   1029.145539           3.203855           4.677903       2.2546976      0              0.       -6.7884935       85.692332
2   1081.581518           2.329249           4.681990       2.2546976      0              0.       -6.7884935       85.692332
2   1133.568626           1.617899           5.564722       2.2546976      0              0.       -6.7884935       85.692332
2   1186.425599           1.293691           5.693086       2.2546976      0              0.       -6.7884935       85.692332
2   1238.874796           0.781059           7.313652       2.2546976      0              0.       -6.7884935       85.692332
2   1290.866174           0.597174           6.332562       2.2546976      0              0.       -6.7884935       85.692332
2   1344.292918           0.254620           9.186833       2.2546976      0              0.       -6.7884935       85.692332
2   1398.460131           0.178510          11.885616       2.2546976      0              0.       -6.7884935       85.692332
# Input noise parameters. H0, tau_0, p0 / H1, tau_1, p1 / N0. Set at -1 if not used. 
-1.00000        -1.00000        -1.00000
 781.614         79.4671               4
 11.0012         3.64092         2.34315
0.861442