# This template is part of a serie of MS templates created using the full Kepler data upon those criteria:
# (1) High HNR, (2) No missing quarters, (3) Coverage of the whole Teff and numax range of MS stars, (3) Balance between F and G type
# Variant of theses templates exist also for RGB stars
# KIC         Kp      numax.   Type      Gamma_at_numax.            Teff
# 6508366    8.97     958      Flike      5.22                      6331  
# 9139163    8.33     1730     Flike      5.28                      6400. 
# 6603624    9.09     2384     Simple     0.56                      5674. 
# 9139151    9.18     2690     Simple     1.99                      6302. 
# 8379927    6.96     2795     Simple     2.43                      6067.   
# 8006161    7.36     3575     Simple     1.17                      5488. 
# This file contains the results converted from an IDL sav file for the star with unknown ID: 
-1 
# Spectrum parameters. Observation duration (days) / Cadence (seconds) 
 -1    -1 
# Input mode parameters. degree / freq / H / W / splitting a1 / eta / a3 / b  / alfa  / beta asym /inclination 
0 1489.1728          0.283973           1.698628       0.384981788          0              0.       -20.490860      6.1181442
0 1599.8405          0.657434           1.011868       0.384981788          0              0.       -20.490860      6.1181442
0 1710.0378          1.090890           0.824111       0.384981788          0              0.       -20.490860      6.1181442
0 1819.6997          1.552000           0.731073       0.384981788          0              0.       -20.490860      6.1181442
0 1928.3631          3.232826           0.743003       0.384981788          0              0.       -20.490860      6.1181442
0 2037.0401          5.463944           0.719518       0.384981788          0              0.       -20.490860      6.1181442
0 2146.7698         10.231499           0.655283       0.384981788          0              0.       -20.490860      6.1181442
0 2256.9944         14.309373           0.663758       0.384981788          0              0.       -20.490860      6.1181442
0 2367.0763         16.345826           0.705399       0.384981788          0              0.       -20.490860      6.1181442
0 2477.0440         10.391128           0.882568       0.384981788          0              0.       -20.490860      6.1181442
0 2587.5176          5.450967           1.228132       0.384981788          0              0.       -20.490860      6.1181442
0 2698.1700          1.654923           1.966378       0.384981788          0              0.       -20.490860      6.1181442
0 2808.8019          0.544198           3.935861       0.384981788          0              0.       -20.490860      6.1181442
0 2919.9099          0.339245           3.837100       0.384981788          0              0.       -20.490860      6.1181442
1 1539.2508           0.402166           1.391283       0.384981788         0              0.       -20.490860      6.1181442
1 1649.7904           0.928502           0.931917       0.384981788         0              0.       -20.490860      6.1181442
1 1760.5916           1.542122           0.780052       0.384981788         0              0.       -20.490860      6.1181442
1 1869.7967           2.195273           0.736728       0.384981788         0              0.       -20.490860      6.1181442
1 1978.7699           4.569324           0.731759       0.384981788         0              0.       -20.490860      6.1181442
1 2088.3084           7.730321           0.689784       0.384981788         0              0.       -20.490860      6.1181442
1 2198.4584          14.460831           0.659344       0.384981788         0              0.       -20.490860      6.1181442
1 2308.9560          20.221700           0.683669       0.384981788         0              0.       -20.490860      6.1181442
1 2419.3970          23.103519           0.789729       0.384981788         0              0.       -20.490860      6.1181442
1 2529.6530          14.697020           1.047671       0.384981788         0              0.       -20.490860      6.1181442
1 2640.3670           7.704957           1.581746       0.384981788         0              0.       -20.490860      6.1181442
1 2751.5646           2.338927           2.925900       0.384981788         0              0.       -20.490860      6.1181442
1 2862.7377           0.769318           3.913781       0.384981788         0              0.       -20.490860      6.1181442
1 2974.7850           0.478964           3.760618       0.384981788         0              0.       -20.490860      6.1181442
2 1483.2709         0.247833           1.733834       0.384981788          0              0.        -20.490860      6.1181442
2 1592.8776         0.574064           1.058760       0.384981788          0              0.        -20.490860      6.1181442
2 1702.8571         0.952021           0.833170       0.384981788          0              0.        -20.490860      6.1181442
2 1812.6968         1.357117           0.736845       0.384981788          0              0.        -20.490860      6.1181442
2 1921.9601         2.820773           0.742701       0.384981788          0              0.        -20.490860      6.1181442
2 2031.0097         4.776839           0.720986       0.384981788          0              0.        -20.490860      6.1181442
2 2141.0739         8.920861           0.658647       0.384981788          0              0.        -20.490860      6.1181442
2 2251.6111        12.470984           0.663384       0.384981788          0              0.        -20.490860      6.1181442
2 2362.0114        14.267377           0.703552       0.384981788          0              0.        -20.490860      6.1181442
2 2472.3634         9.076242           0.875032       0.384981788          0              0.        -20.490860      6.1181442
2 2583.0479         4.754339           1.213821       0.384981788          0              0.        -20.490860      6.1181442
2 2693.8987         1.444444           1.937628       0.384981788          0              0.        -20.490860      6.1181442
2 2806.1057         0.474423           3.888580       0.384981788          0              0.        -20.490860      6.1181442
2 2918.5352         0.295067           3.835300       0.384981788          0              0.        -20.490860      6.1181442
# Input noise parameters. H0, tau_0, p0 / H1, tau_1, p1 / N0. Set at -1 if not used. 
-1.00000        -1.00000        -1.00000
225.85000       11.058000       4.0000000
3.3170645       1.4251575       2.1641859
0.73759129