# This template is part of a serie of MS templates created using the full Kepler data upon those criteria:
# (1) High HNR, (2) No missing quarters, (3) Coverage of the whole Teff and numax range of MS stars, (3) Balance between F and G type
# Variant of theses templates exist also for RGB stars
# KIC         Kp      numax.   Type      Gamma_at_numax.            Teff
# 6508366    8.97     958      Flike      5.22                      6331  
# 9139163    8.33     1730     Flike      5.28                      6400. 
# 6603624    9.09     2384     Simple     0.56                      5674. 
# 9139151    9.18     2690     Simple     1.99                      6302. 
# 8379927    6.96     2795     Simple     2.43                      6067.   
# 8006161    7.36     3575     Simple     1.17                      5488. 
# This file contains the results converted from an IDL sav file for the star with unknown ID: 
-1 
# Spectrum parameters. Observation duration (days) / Cadence (seconds) -14.979842
 -1    -1 
# Input mode parameters. degree / freq / H / W / splitting a1 / eta / a3 / b  / alfa  / beta asym /inclination 
0   2476.471576        0.365960          0.458251      0.573077885         0              0.       63.300380       36.697097
0   2626.300759        0.481088          0.628713      0.573077885         0              0.       63.300380       36.697097
0   2774.762726        0.591634          0.558896      0.573077885         0              0.       63.300380       36.697097
0   2922.850751        1.199748          0.635218      0.573077885         0              0.       63.300380       36.697097
0   3071.160114        1.310842          0.747353      0.573077885         0              0.       63.300380       36.697097
0   3220.114571        1.646194          0.835082      0.573077885         0              0.       63.300380       36.697097
0   3369.571707        1.968325          0.931728      0.573077885         0              0.       63.300380       36.697097
0   3518.589809        2.132052          1.063449      0.573077885         0              0.       63.300380       36.697097
0   3667.829881        1.799756          1.373817      0.573077885         0              0.       63.300380       36.697097
0   3817.562845        1.028350          1.969723      0.573077885         0              0.       63.300380       36.697097
0   3967.224246        0.599356          2.709537      0.573077885         0              0.       63.300380       36.697097
0   4117.965392        0.289545          3.412587      0.573077885         0              0.       63.300380       36.697097
0   4268.707402        0.195861          5.089781      0.573077885         0              0.       63.300380       36.697097
0   4419.532330        0.105445          5.297795      0.573077885         0              0.       63.300380       36.697097
1   2397.186146        0.601122          0.366861      0.573077885         0              0.       63.300380       36.697097
1   2547.542517        0.791080          0.541169      0.573077885         0              0.       63.300380       36.697097
1   2696.879171        0.974615          0.595549      0.573077885         0              0.       63.300380       36.697097
1   2844.853425        1.975448          0.595614      0.573077885         0              0.       63.300380       36.697097
1   2993.218606        2.157601          0.688732      0.573077885         0              0.       63.300380       36.697097
1   3142.145322        2.709521          0.788912      0.573077885         0              0.       63.300380       36.697097
1   3291.384462        3.241066          0.881815      0.573077885         0              0.       63.300380       36.697097
1   3440.785361        3.510354          0.994997      0.573077885         0              0.       63.300380       36.697097
1   3590.377766        2.960372          1.213244      0.573077885         0              0.       63.300380       36.697097
1   3739.745510        1.692606          1.660163      0.573077885         0              0.       63.300380       36.697097
1   3889.347778        0.986100          2.324933      0.573077885         0              0.       63.300380       36.697097
1   4039.785596        0.476408          3.052147      0.573077885         0              0.       63.300380       36.697097
1   4190.532886        0.322377          4.226253      0.573077885         0              0.       63.300380       36.697097
1   4341.295879        0.173549          5.165412      0.573077885         0              0.       63.300380       36.697097
2   2466.436631        0.297174          0.446548      0.573077885         0              0.       63.300380       36.697097
2   2614.196909        0.390541          0.615395      0.573077885         0              0.       63.300380       36.697097
2   2762.955429        0.481738          0.564560      0.573077885         0              0.       63.300380       36.697097
2   2911.813986        0.977390          0.629597      0.573077885         0              0.       63.300380       36.697097
2   3060.573450        1.067174          0.739459      0.573077885         0              0.       63.300380       36.697097
2   3209.733447        1.340041          0.828938      0.573077885         0              0.       63.300380       36.697097
2   3359.322825        1.604201          0.925049      0.573077885         0              0.       63.300380       36.697097
2   3508.972873        1.736297          1.055016      0.573077885         0              0.       63.300380       36.697097
2   3658.457511        1.465576          1.354141      0.573077885         0              0.       63.300380       36.697097
2   3808.335825        0.836356          1.933307      0.573077885         0              0.       63.300380       36.697097
2   3958.145721        0.487725          2.664830      0.573077885         0              0.       63.300380       36.697097
2   4108.850755        0.235440          3.370974      0.573077885         0              0.       63.300380       36.697097
2   4259.774477        0.159168          4.990325      0.573077885         0              0.       63.300380       36.697097
2   4410.023930        0.085750          5.274212      0.573077885         0              0.       63.300380       36.697097
# Input noise parameters. H0, tau_0, p0 / H1, tau_1, p1 / N0. Set at -1 if not used. 
-1.00000    -1.00000   -1.00000
21.276500   42.697400   4.0000000   
2.0234308   1.1234829   2.3085127   
0.18063151