# This file contains the used configuration to create the simulated spectra of the star with ID:
    39
# Spectrum parameters. Observation duration (days) / Cadence (seconds)
# Input mode parameters. degree / freq / H / W / splitting a1 / eta / a3 / b  / alfa  / beta asym /inclination
    0        1391.63         0.0147         0.2685    0.4000      0.00000000      0.00000000      0.00000000          1.00      0.00000000      53.1
    0        1494.99         0.0271         0.3153    0.4000      0.00000000      0.00000000      0.00000000          1.00      0.00000000      53.1
    0        1598.66         0.0239         0.7596    0.4000      0.00000000      0.00000000      0.00000000          1.00      0.00000000      53.1
    0        1700.89         0.0401         0.9607    0.4000      0.00000000      0.00000000      0.00000000          1.00      0.00000000      53.1
    0        1802.29         0.0766         0.9317    0.4000      0.00000000      0.00000000      0.00000000          1.00      0.00000000      53.1
    0        1904.59         0.1257         0.8751    0.4000      0.00000000      0.00000000      0.00000000          1.00      0.00000000      53.1
    0        2007.55         0.1848         0.9646    0.4000      0.00000000      0.00000000      0.00000000          1.00      0.00000000      53.1
    0        2110.94         0.3268         0.8351    0.4000      0.00000000      0.00000000      0.00000000          1.00      0.00000000      53.1
    0        2214.21         0.2944         1.0247    0.4000      0.00000000      0.00000000      0.00000000          1.00      0.00000000      53.1
    0        2317.33         0.1924         1.2049    0.4000      0.00000000      0.00000000      0.00000000          1.00      0.00000000      53.1
    0        2420.93         0.0906         1.8192    0.4000      0.00000000      0.00000000      0.00000000          1.00      0.00000000      53.1
    0        2525.19         0.0426         2.6049    0.4000      0.00000000      0.00000000      0.00000000          1.00      0.00000000      53.1
    0        2629.41         0.0185         3.8996    0.4000      0.00000000      0.00000000      0.00000000          1.00      0.00000000      53.1
    0        2734.01         0.0100         5.1138    0.4000      0.00000000      0.00000000      0.00000000          1.00      0.00000000      53.1
    1        1437.77         0.0216         0.2894    0.4000      0.00000000      0.00000000      0.00000000          1.00      0.00000000      53.1
    1        1541.93         0.0396         0.5165    0.4000      0.00000000      0.00000000      0.00000000          1.00      0.00000000      53.1
    1        1645.02         0.0348         0.8508    0.4000      0.00000000      0.00000000      0.00000000          1.00      0.00000000      53.1
    1        1747.17         0.0581         0.9474    0.4000      0.00000000      0.00000000      0.00000000          1.00      0.00000000      53.1
    1        1849.00         0.1109         0.9058    0.4000      0.00000000      0.00000000      0.00000000          1.00      0.00000000      53.1
    1        1951.98         0.1816         0.9163    0.4000      0.00000000      0.00000000      0.00000000          1.00      0.00000000      53.1
    1        2055.52         0.2666         0.9045    0.4000      0.00000000      0.00000000      0.00000000          1.00      0.00000000      53.1
    1        2159.14         0.4703         0.9236    0.4000      0.00000000      0.00000000      0.00000000          1.00      0.00000000      53.1
    1        2262.57         0.4226         1.1092    0.4000      0.00000000      0.00000000      0.00000000          1.00      0.00000000      53.1
    1        2366.28         0.2755         1.4951    0.4000      0.00000000      0.00000000      0.00000000          1.00      0.00000000      53.1
    1        2470.33         0.1297         2.1915    0.4000      0.00000000      0.00000000      0.00000000          1.00      0.00000000      53.1
    1        2574.70         0.0608         3.2199    0.4000      0.00000000      0.00000000      0.00000000          1.00      0.00000000      53.1
    1        2679.68         0.0264         4.4831    0.4000      0.00000000      0.00000000      0.00000000          1.00      0.00000000      53.1
    1        2784.43         0.0143         5.6990    0.4000      0.00000000      0.00000000      0.00000000          1.00      0.00000000      53.1
    2        1384.27         0.0093         0.2652    0.4000      0.00000000      0.00000000      0.00000000          1.00      0.00000000      53.1
    2        1487.49         0.0172         0.3119    0.4000      0.00000000      0.00000000      0.00000000          1.00      0.00000000      53.1
    2        1591.34         0.0152         0.7282    0.4000      0.00000000      0.00000000      0.00000000          1.00      0.00000000      53.1
    2        1694.04         0.0254         0.9472    0.4000      0.00000000      0.00000000      0.00000000          1.00      0.00000000      53.1
    2        1795.71         0.0487         0.9336    0.4000      0.00000000      0.00000000      0.00000000          1.00      0.00000000      53.1
    2        1898.30         0.0799         0.8786    0.4000      0.00000000      0.00000000      0.00000000          1.00      0.00000000      53.1
    2        2001.69         0.1175         0.9595    0.4000      0.00000000      0.00000000      0.00000000          1.00      0.00000000      53.1
    2        2105.32         0.2077         0.8421    0.4000      0.00000000      0.00000000      0.00000000          1.00      0.00000000      53.1
    2        2208.92         0.1875         1.0150    0.4000      0.00000000      0.00000000      0.00000000          1.00      0.00000000      53.1
    2        2312.53         0.1225         1.1965    0.4000      0.00000000      0.00000000      0.00000000          1.00      0.00000000      53.1
    2        2416.21         0.0577         1.7912    0.4000      0.00000000      0.00000000      0.00000000          1.00      0.00000000      53.1
    2        2520.54         0.0271         2.5698    0.4000      0.00000000      0.00000000      0.00000000          1.00      0.00000000      53.1
    2        2624.41         0.0118         3.8374    0.4000      0.00000000      0.00000000      0.00000000          1.00      0.00000000      53.1
    2        2729.61         0.0064         5.0628    0.4000      0.00000000      0.00000000      0.00000000          1.00      0.00000000      53.1
# Input noise parameters. H0, tau_0, p0 / H1, tau_1, p1 / N0. Set at -1 if not used.
       -1.000000       -1.000000       -1.000000
       -1.000000       -1.000000       -1.000000
        0.326776
