# This file contains the results converted from an IDL sav file for the star with unknown ID: 
-1 
# Spectrum parameters. Observation duration (days) / Cadence (seconds) 
-1    -1 
# Input mode parameters. degree / freq / H / W / splitting a1 / eta / a3 / b  / alfa  / beta asym /inclination 
       0         1287.7378           0.43002206      0.81382075          0.50349461     0.0000000000    0.00000    0    0   0.00000           52.032524
       0         1391.6472           0.57919905      0.66843567          0.50349461     0.0000000000    0.00000    0    0   0.00000           52.032524
       0         1494.9822            1.0561653      0.76340052          0.50349461     0.0000000000    0.00000    0    0   0.00000           52.032524
       0         1598.7040            1.2720441      0.94761560          0.50349461     0.0000000000    0.00000    0    0   0.00000           52.032524
       0         1700.9117            1.8095614       1.0351044          0.50349461     0.0000000000    0.00000    0    0   0.00000           52.032524
       0         1802.3264            3.1660368      0.98478045          0.50349461     0.0000000000    0.00000    0    0   0.00000           52.032524
       0         1904.5894            4.6474355      0.99649416          0.50349461     0.0000000000    0.00000    0    0   0.00000           52.032524
       0         2007.5698            6.7184649      0.99950613          0.50349461     0.0000000000    0.00000    0    0   0.00000           52.032524
       0         2110.8952            8.7121034       1.0788852          0.50349461     0.0000000000    0.00000    0    0   0.00000           52.032524
       0         2214.2624            7.6455132       1.2322003          0.50349461     0.0000000000    0.00000    0    0   0.00000           52.032524
       0         2317.2959            4.8872829       1.5354940          0.50349461     0.0000000000    0.00000    0    0   0.00000           52.032524
       0         2420.9247            2.6154045       1.9713043          0.50349461     0.0000000000    0.00000    0    0   0.00000           52.032524
       0         2524.9409            1.0578662       2.9706241          0.50349461     0.0000000000    0.00000    0    0   0.00000           52.032524
       0         2629.3219           0.45623723       3.6817983          0.50349461     0.0000000000    0.00000    0    0   0.00000           52.032524
       0         2734.3085           0.22393687       4.9109655          0.50349461     0.0000000000    0.00000    0    0   0.00000           52.032524
       0         2839.1342          0.084068007       6.3972608          0.50349461     0.0000000000    0.00000    0    0   0.00000           52.032524
       0         2944.6692          0.041473324       7.1327241          0.50349461     0.0000000000    0.00000    0    0   0.00000           52.032524
       0         3048.5000          0.010000000      10.0000000          0.00000000     0.0000000000    0.00000    0    0   0.00000           0.0000000
       1         1334.1481           0.62326858      0.74809166          0.50349461     0.0000000000    0.00000    0    0   0.00000           52.032524
       1         1437.7227           0.83951082      0.71105648          0.50349461     0.0000000000    0.00000    0    0   0.00000           52.032524
       1         1541.9739            1.5326199      0.84823175          0.50349461     0.0000000000    0.00000    0    0   0.00000           52.032524
       1         1644.9908            1.8440937      0.98725592          0.50349461     0.0000000000    0.00000    0    0   0.00000           52.032524
       1         1747.1738            2.6226760       1.0124610          0.50349461     0.0000000000    0.00000    0    0   0.00000           52.032524
       1         1849.0120            4.5863581      0.99053311          0.50349461     0.0000000000    0.00000    0    0   0.00000           52.032524
       1         1952.0236            6.7292735      0.99794255          0.50349461     0.0000000000    0.00000    0    0   0.00000           52.032524
       1         2055.4881            9.7313251       1.0361733          0.50349461     0.0000000000    0.00000    0    0   0.00000           52.032524
       1         2159.1390            12.627343       1.1507398          0.50349461     0.0000000000    0.00000    0    0   0.00000           52.032524
       1         2262.5176            11.072803       1.3743812          0.50349461     0.0000000000    0.00000    0    0   0.00000           52.032524
       1         2366.1802            7.0797880       1.7414257          0.50349461     0.0000000000    0.00000    0    0   0.00000           52.032524
       1         2470.2896            3.7891896       2.4481327          0.50349461     0.0000000000    0.00000    0    0   0.00000           52.032524
       1         2574.7077            1.5327583       3.3121289          0.50349461     0.0000000000    0.00000    0    0   0.00000           52.032524
       1         2679.4912           0.66107875       4.2705002          0.50349461     0.0000000000    0.00000    0    0   0.00000           52.032524
       1         2784.2952           0.32461789       5.6231937          0.50349461     0.0000000000    0.00000    0    0   0.00000           52.032524
       1         2890.0152           0.12177273       6.7655613          0.50349461     0.0000000000    0.00000    0    0   0.00000           52.032524
       1         2995.1098          0.060119340       7.4562630          0.50349461     0.0000000000    0.00000    0    0   0.00000           52.032524
       2         1279.5453           0.28319571      0.82705926          0.50349461     0.0000000000    0.00000    0    0   0.00000           52.032524
       2         1383.9922           0.38247189      0.67992343          0.50349461     0.0000000000    0.00000    0    0   0.00000           52.032524
       2         1487.7844           0.69652430      0.75737280          0.50349461     0.0000000000    0.00000    0    0   0.00000           52.032524
       2         1591.2323           0.83868864      0.93465404          0.50349461     0.0000000000    0.00000    0    0   0.00000           52.032524
       2         1694.0395            1.1919224       1.0292791          0.50349461     0.0000000000    0.00000    0    0   0.00000           52.032524
       2         1795.8284            2.0867683      0.98810557          0.50349461     0.0000000000    0.00000    0    0   0.00000           52.032524
       2         1898.3264            3.0624058      0.99586980          0.50349461     0.0000000000    0.00000    0    0   0.00000           52.032524
       2         2001.7400            4.4289445      0.99938307          0.50349461     0.0000000000    0.00000    0    0   0.00000           52.032524
       2         2105.3332            5.7391074       1.0744751          0.50349461     0.0000000000    0.00000    0    0   0.00000           52.032524
       2         2208.9378            5.0402307       1.2243813          0.50349461     0.0000000000    0.00000    0    0   0.00000           52.032524
       2         2312.4974            3.2178249       1.5215235          0.50349461     0.0000000000    0.00000    0    0   0.00000           52.032524
       2         2416.3217            1.7239335       1.9520526          0.50349461     0.0000000000    0.00000    0    0   0.00000           52.032524
       2         2520.5174           0.69726538       2.9286039          0.50349461     0.0000000000    0.00000    0    0   0.00000           52.032524
       2         2624.8247           0.30092180       3.6520736          0.50349461     0.0000000000    0.00000    0    0   0.00000           52.032524
       2         2730.0274           0.14755212       4.8608444          0.50349461     0.0000000000    0.00000    0    0   0.00000           52.032524
       2         2836.0081          0.055328129       6.3556133          0.50349461     0.0000000000    0.00000    0    0   0.00000           52.032524
       2         2942.1468          0.027332655       7.1162705          0.50349461     0.0000000000    0.00000    0    0   0.00000           52.032524
       2         3046.5000          0.00500000       10.0000000          0.50349461     0.0000000000    0.00000    0    0   0.00000       52.032524     
       3         1427.44580         0.09032           0.26850            0.50349461     0.0000000000    0.00000    0    0   0.00000       52.032524
       3         1530.34899         0.14734           0.31533            0.50349461     0.0000000000    0.00000    0    0   0.00000       52.032524
       3         1632.59738         0.11641           0.75956            0.50349461     0.0000000000    0.00000    0    0   0.00000       52.032524
       3         1735.49943         0.17580           0.96066            0.50349461     0.0000000000    0.00000    0    0   0.00000       52.032524
       3         1838.42350         0.30536           0.93168            0.50349461     0.0000000000    0.00000    0    0   0.00000       52.032524
       3         1941.60645         0.45811           0.87509            0.50349461     0.0000000000    0.00000    0    0   0.00000       52.032524
       3         2045.80496         0.61920           0.96463            0.50349461     0.0000000000    0.00000    0    0   0.00000       52.032524
       3         2149.91448         1.00981           0.83507            0.50349461     0.0000000000    0.00000    0    0   0.00000       52.032524
       3         2253.57221         0.84437           1.02475            0.50349461     0.0000000000    0.00000    0    0   0.00000       52.032524
       3         2357.48682         0.51441           1.20489            0.50349461     0.0000000000    0.00000    0    0   0.00000       52.032524
       3         2461.82262         0.22659           1.81916            0.50349461     0.0000000000    0.00000    0    0   0.00000       52.032524
       3         2566.53772         0.09991           2.60490            0.50349461     0.0000000000    0.00000    0    0   0.00000       52.032524
       3         2670.15963         0.04100           3.89962            0.50349461     0.0000000000    0.00000    0    0   0.00000       52.032524
       3         2774.16196         0.02104           5.11377            0.50349461     0.0000000000    0.00000    0    0   0.00000       52.032524
# Input noise parameters. H0, tau_0, p0 / H1, tau_1, p1 / N0. Set at -1 if not used. 
-1.00000   -1.00000   -1.00000
3.9332665   1.7627664   2.2003473
0.085692058