# This file contains the results converted from an IDL sav file for the star with unknown ID: 
-1 
# Spectrum parameters. Observation duration (days) / Cadence (seconds) 
 -1    -1 
# Input mode parameters. degree / freq / H / W / splitting a1 / eta / a3 / b  / alfa  / beta asym /inclination 
0   1728.01169   0.10540   1.27502   1.1850   0.0001440100    0.05377    0    0   -41.77017    67.774
0   1847.38684   0.17238   1.16395   1.1850   0.0001440100    0.05377    0    0   -41.77017    67.774
0   1967.94988   0.28711   1.33716   1.1850   0.0001440100    0.05377    0    0   -41.77017    67.774
0   2087.86222   0.39026   1.75644   1.1850   0.0001440100    0.05377    0    0   -41.77017    67.774
0   2206.66104   0.56023   1.85124   1.1850   0.0001440100    0.05377    0    0   -41.77017    67.774
0   2324.43943   0.83228   1.81334   1.1850   0.0001440100    0.05377    0    0   -41.77017    67.774
0   2443.13208   1.11118   1.88539   1.1850   0.0001440100    0.05377    0    0   -41.77017    67.774
0   2563.57580   1.37510   2.03115   1.1850   0.0001440100    0.05377    0    0   -41.77017    67.774
0   2683.95554   1.48699   2.22804   1.1850   0.0001440100    0.05377    0    0   -41.77017    67.774
0   2804.48468   1.30823   2.43151   1.1850   0.0001440100    0.05377    0    0   -41.77017    67.774
0   2924.42603   0.94932   2.88386   1.1850   0.0001440100    0.05377    0    0   -41.77017    67.774
0   3044.80576   0.60403   3.62174   1.1850   0.0001440100    0.05377    0    0   -41.77017    67.774
0   3165.45271   0.34807   4.57470   1.1850   0.0001440100    0.05377    0    0   -41.77017    67.774
0   3286.65229   0.20147   5.79057   1.1850   0.0001440100    0.05377    0    0   -41.77017    67.774
0   3408.90504   0.12262   6.52212   1.1850   0.0001440100    0.05377    0    0   -41.77017    67.774
0   3530.65228   0.06776   7.45899   1.1850   0.0001440100    0.05377    0    0   -41.77017    67.774
0   3651.09760   0.04346   9.05888   1.1850   0.0001440100    0.05377    0    0   -41.77017    67.774
1   1783.57685   0.15621   1.22710   1.1850   0.0001440100    0.05377    0    0   -41.77017    67.774
1   1903.81554   0.25577   1.24571   1.1850   0.0001440100    0.05377    0    0   -41.77017    67.774
1   2023.89005   0.42575   1.53296   1.1850   0.0001440100    0.05377    0    0   -41.77017    67.774
1   2143.26582   0.57872   1.80157   1.1850   0.0001440100    0.05377    0    0   -41.77017    67.774
1   2261.39510   0.83044   1.83392   1.1850   0.0001440100    0.05377    0    0   -41.77017    67.774
1   2380.00253   1.23616   1.84794   1.1850   0.0001440100    0.05377    0    0   -41.77017    67.774
1   2499.58610   1.64774   1.95408   1.1850   0.0001440100    0.05377    0    0   -41.77017    67.774
1   2620.13231   2.03847   2.12421   1.1850   0.0001440100    0.05377    0    0   -41.77017    67.774
1   2740.65744   2.20440   2.32481   1.1850   0.0001440100    0.05377    0    0   -41.77017    67.774
1   2861.25712   1.94047   2.64560   1.1850   0.0001440100    0.05377    0    0   -41.77017    67.774
1   2981.50840   1.40835   3.23554   1.1850   0.0001440100    0.05377    0    0   -41.77017    67.774
1   3102.26455   0.89583   4.07926   1.1850   0.0001440100    0.05377    0    0   -41.77017    67.774
1   3223.35515   0.51552   5.15126   1.1850   0.0001440100    0.05377    0    0   -41.77017    67.774
1   3345.22157   0.29867   6.14181   1.1850   0.0001440100    0.05377    0    0   -41.77017    67.774
1   3466.89336   0.18184   6.96585   1.1850   0.0001440100    0.05377    0    0   -41.77017    67.774
1   3588.91851   0.10049   8.24262   1.1850   0.0001440100    0.05377    0    0   -41.77017    67.774
1   3711.27774   0.06442   9.85075   1.1850   0.0001440100    0.05377    0    0   -41.77017    67.774
2   1712.71093   0.06908   1.28751   1.1850   0.0001440100    0.05377    0    0   -41.77017    67.774
2   1834.49740   0.11310   1.17766   1.1850   0.0001440100    0.05377    0    0   -41.77017    67.774
2   1955.83255   0.18829   1.31905   1.1850   0.0001440100    0.05377    0    0   -41.77017    67.774
2   2076.28531   0.25579   1.71642   1.1850   0.0001440100    0.05377    0    0   -41.77017    67.774
2   2195.17430   0.36737   1.84292   1.1850   0.0001440100    0.05377    0    0   -41.77017    67.774
2   2313.17137   0.54562   1.81706   1.1850   0.0001440100    0.05377    0    0   -41.77017    67.774
2   2432.55898   0.72835   1.87870   1.1850   0.0001440100    0.05377    0    0   -41.77017    67.774
2   2552.44629   0.90205   2.01831   1.1850   0.0001440100    0.05377    0    0   -41.77017    67.774
2   2673.28936   0.97488   2.21058   1.1850   0.0001440100    0.05377    0    0   -41.77017    67.774
2   2793.68385   0.85751   2.41324   1.1850   0.0001440100    0.05377    0    0   -41.77017    67.774
2   2914.25361   0.62235   2.84543   1.1850   0.0001440100    0.05377    0    0   -41.77017    67.774
2   3034.50763   0.39610   3.55907   1.1850   0.0001440100    0.05377    0    0   -41.77017    67.774
2   3155.41621   0.22812   4.49653   1.1850   0.0001440100    0.05377    0    0   -41.77017    67.774
2   3277.02203   0.13209   5.69162   1.1850   0.0001440100    0.05377    0    0   -41.77017    67.774
2   3398.38215   0.08039   6.46064   1.1850   0.0001440100    0.05377    0    0   -41.77017    67.774
2   3519.49017   0.04443   7.37313   1.1850   0.0001440100    0.05377    0    0   -41.77017    67.774
2   3641.37332   0.02849   8.92486   1.1850   0.0001440100    0.05377    0    0   -41.77017    67.774
# Input noise parameters. H0, tau_0, p0 / H1, tau_1, p1 / N0. Set at -1 if not used. 
-1.00000   -1.00000   -1.00000
-1.00000   -1.00000   -1.00000
1.03121   1.34514   2.08329
0.13447